5354
4292
2601
192
104
1778
412
301
406
797
765
1510
1221
1173
1287
1277
1486
1342
1383
2411
2013
2165
2055
2198
2205
2439
2598
3021
2752
2695
2650
2783
2979
2978
3904
3146
3297
3500
4147
4734
4548
4345
5331
4845
5233
4967
5067
5376
5365
6850
5411
5779
5472
5626
5699
6424
6771
6703
6495
6661
9107
7696
7318
7154
6874
8552
8339
8308
7737
8060
7826
8279
8449
9027
10197
9560
9204
9146
9340
10093
9567
9635
9807
10196
10118
10160
10354
11961
10635
10445
10601
10862
10679
11421
11307
10996
10903
11473
11690
11988
5354
4292
2601
192
104
1778
412
301
406
797
765
1510
1221
1173
1287
1277
1486
1342
1383
2411
2013
2165
2055
2198
2205
2439
2598
3021
2752
2695
2650
2783
2979
2978
3904
3146
3297
3500
4147
4734
4548
4345
5331
4845
5233
4967
5067
5376
5365
6850
5411
5779
5472
5626
5699
6424
6771
6703
6495
6661
9107
7696
7318
7154
6874
8552
8339
8308
7737
8060
7826
8279
8449
9027
10197
9560
9204
9146
9340
10093
9567
9635
9807
10196
10118
10160
10354
11961
10635
10445
10601
10862
10679
11421
11307
10996
10903
11473
11690
11988
5354
4292
2601
192
104
1778
412
301
406
797
765
1510
1221
1173
1287
1277
1486
1342
1383
2411
2013
2165
2055
2198
2205
2439
2598
3021
2752
2695
2650
2783
2979
2978
3904
3146
3297
3500
4147
4734
4548
4345
5331
4845
5233
4967
5067
5376
5365
6850
5411
5779
5472
5626
5699
6424
6771
6703
6495
6661
9107
7696
7318
7154
6874
8552
8339
8308
7737
8060
7826
8279
8449
9027
10197
9560
9204
9146
9340
10093
9567
9635
9807
10196
10118
10160
10354
11961
10635
10445
10601
10862
10679
11421
11307
10996
10903
11473
11690
11988
5354
4292
2601
192
104
1778
412
301
406
797
765
1510
1221
1173
1287
1277
1486
1342
1383
2411
2013
2165
2055
2198
2205
2439
2598
3021
2752
2695
2650
2783
2979
2978
3904
3146
3297
3500
4147
4734
4548
4345
5331
4845
5233
4967
5067
5376
5365
6850
5411
5779
5472
5626
5699
6424
6771
6703
6495
6661
9107
7696
7318
7154
6874
8552
8339
8308
7737
8060
7826
8279
8449
9027
10197
9560
9204
9146
9340
10093
9567
9635
9807
10196
10118
10160
10354
11961
10635
10445
10601
10862
10679
11421
11307
10996
10903
11473
11690
11988
5354
4292
2601
192
104
1778
412
301
406
797
765
1510
1221
1173
1287
1277
1486
1342
1383
2411
2013
2165
2055
2198
2205
2439
2598
3021
2752
2695
2650
2783
2979
2978
3904
3146
3297
3500
4147
4734
4548
4345
5331
4845
5233
4967
5067
5376
5365
6850
5411
5779
5472
5626
5699
6424
6771
6703
6495
6661
9107
7696
7318
7154
6874
8552
8339
8308
7737
8060
7826
8279
8449
9027
10197
9560
9204
9146
9340
10093
9567
9635
9807
10196
10118
10160
10354
11961
10635
10445
10601
10862
10679
11421
11307
10996
10903
11473
11690
11988
5354
4292
2601
192
104
1778
412
301
406
797
765
1510
1221
1173
1287
1277
1486
1342
1383
2411
2013
2165
2055
2198
2205
2439
2598
3021
2752
2695
2650
2783
2979
2978
3904
3146
3297
3500
4147
4734
4548
4345
5331
4845
5233
4967
5067
5376
5365
6850
5411
5779
5472
5626
5699
6424
6771
6703
6495
6661
9107
7696
7318
7154
6874
8552
8339
8308
7737
8060
7826
8279
8449
9027
10197
9560
9204
9146
9340
10093
9567
9635
9807
10196
10118
10160
10354
11961
10635
10445
10601
10862
10679
11421
11307
10996
10903
11473
11690
11988
5354
4292
2601
192
104
1778
412
301
406
797
765
1510
1221
1173
1287
1277
1486
1342
1383
2411
2013
2165
2055
2198
2205
2439
2598
3021
2752
2695
2650
2783
2979
2978
3904
3146
3297
3500
4147
4734
4548
4345
5331
4845
5233
4967
5067
5376
5365
6850
5411
5779
5472
5626
5699
6424
6771
6703
6495
6661
9107
7696
7318
7154
6874
8552
8339
8308
7737
8060
7826
8279
8449
9027
10197
9560
9204
9146
9340
10093
9567
9635
9807
10196
10118
10160
10354
11961
10635
10445
10601
10862
10679
11421
11307
10996
10903
11473
11690
11988
5354
4292
2601
192
104
1778
412
301
406
797
765
1510
1221
1173
1287
1277
1486
1342
1383
2411
2013
2165
2055
2198
2205
2439
2598
3021
2752
2695
2650
2783
2979
2978
3904
3146
3297
3500
4147
4734
4548
4345
5331
4845
5233
4967
5067
5376
5365
6850
5411
5779
5472
5626
5699
6424
6771
6703
6495
6661
9107
7696
7318
7154
6874
8552
8339
8308
7737
8060
7826
8279
8449
9027
10197
9560
9204
9146
9340
10093
9567
9635
9807
10196
10118
10160
10354
11961
10635
10445
10601
10862
10679
11421
11307
10996
10903
11473
11690
11988
5354
4292
2601
192
104
1778
412
301
406
797
765
1510
1221
1173
1287
1277
1486
1342
1383
2411
2013
2165
2055
2198
2205
2439
2598
3021
2752
2695
2650
2783
2979
2978
3904
3146
3297
3500
4147
4734
4548
4345
5331
4845
5233
4967
5067
5376
5365
6850
5411
5779
5472
5626
5699
6424
6771
6703
6495
6661
9107
7696
7318
7154
6874
8552
8339
8308
7737
8060
7826
8279
8449
9027
10197
9560
9204
9146
9340
10093
9567
9635
9807
10196
10118
10160
10354
11961
10635
10445
10601
10862
10679
11421
11307
10996
10903
11473
11690
11988
5354
4292
2601
192
104
1778
412
301
406
797
765
1510
1221
1173
1287
1277
1486
1342
1383
2411
2013
2165
2055
2198
2205
2439
2598
3021
2752
2695
2650
2783
2979
2978
3904
3146
3297
3500
4147
4734
4548
4345
5331
4845
5233
4967
5067
5376
5365
6850
5411
5779
5472
5626
5699
6424
6771
6703
6495
6661
9107
7696
7318
7154
6874
8552
8339
8308
7737
8060
7826
8279
8449
9027
10197
9560
9204
9146
9340
10093
9567
9635
9807
10196
10118
10160
10354
11961
10635
10445
10601
10862
10679
11421
11307
10996
10903
11473
11690
11988
5354
4292
2601
192
104
1778
412
301
406
797
765
1510
1221
1173
1287
1277
1486
1342
1383
2411
2013
2165
2055
2198
2205
2439
2598
3021
2752
2695
2650
2783
2979
2978
3904
3146
3297
3500
4147
4734
4548
4345
5331
4845
5233
4967
5067
5376
5365
6850
5411
5779
5472
5626
5699
6424
6771
6703
6495
6661
9107
7696
7318
7154
6874
8552
8339
8308
7737
8060
7826
8279
8449
9027
10197
9560
9204
9146
9340
10093
9567
9635
9807
10196
10118
10160
10354
11961
10635
10445
10601
10862
10679
11421
11307
10996
10903
11473
11690
11988
5354
4292
2601
192
104
1778
412
301
406
797
765
1510
1221
1173
1287
1277
1486
1342
1383
2411
2013
2165
2055
2198
2205
2439
2598
3021
2752
2695
2650
2783
2979
2978
3904
3146
3297
3500
4147
4734
4548
4345
5331
4845
5233
4967
5067
5376
5365
6850
5411
5779
5472
5626
5699
6424
6771
6703
6495
6661
9107
7696
7318
7154
6874
8552
8339
8308
7737
8060
7826
8279
8449
9027
10197
9560
9204
9146
9340
10093
9567
9635
9807
10196
10118
10160
10354
11961
10635
10445
10601
10862
10679
11421
11307
10996
10903
11473
11690
11988
5354
4292
2601
192
104
1778
412
301
406
797
765
1510
1221
1173
1287
1277
1486
1342
1383
2411
2013
2165
2055
2198
2205
2439
2598
3021
2752
2695
2650
2783
2979
2978
3904
3146
3297
3500
4147
4734
4548
4345
5331
4845
5233
4967
5067
5376
5365
6850
5411
5779
5472
5626
5699
6424
6771
6703
6495
6661
9107
7696
7318
7154
6874
8552
8339
8308
7737
8060
7826
8279
8449
9027
10197
9560
9204
9146
9340
10093
9567
9635
9807
10196
10118
10160
10354
11961
10635
10445
10601
10862
10679
11421
11307
10996
10903
11473
11690
11988
5354
4292
2601
192
104
1778
412
301
406
797
765
1510
1221
1173
1287
1277
1486
1342
1383
2411
2013
2165
2055
2198
2205
2439
2598
3021
2752
2695
2650
2783
2979
2978
3904
3146
3297
3500
4147
4734
4548
4345
5331
4845
5233
4967
5067
5376
5365
6850
5411
5779
5472
5626
5699
6424
6771
6703
6495
6661
9107
7696
7318
7154
6874
8552
8339
8308
7737
8060
7826
8279
8449
9027
10197
9560
9204
9146
9340
10093
9567
9635
9807
10196
10118
10160
10354
11961
10635
10445
10601
10862
10679
11421
11307
10996
10903
11473
11690
11988
5354
4292
2601
192
104
1778
412
301
406
797
765
1510
1221
1173
1287
1277
1486
1342
1383
2411
2013
2165
2055
2198
2205
2439
2598
3021
2752
2695
2650
2783
2979
2978
3904
3146
3297
3500
4147
4734
4548
4345
5331
4845
5233
4967
5067
5376
5365
6850
5411
5779
5472
5626
5699
6424
6771
6703
6495
6661
9107
7696
7318
7154
6874
8552
8339
8308
7737
8060
7826
8279
8449
9027
10197
9560
9204
9146
9340
10093
9567
9635
9807
10196
10118
10160
10354
11961
10635
10445
10601
10862
10679
11421
11307
10996
10903
11473
11690
11988
5354
4292
2601
192
104
1778
412
301
406
797
765
1510
1221
1173
1287
1277
1486
1342
1383
2411
2013
2165
2055
2198
2205
2439
2598
3021
2752
2695
2650
2783
2979
2978
3904
3146
3297
3500
4147
4734
4548
4345
5331
4845
5233
4967
5067
5376
5365
6850
5411
5779
5472
5626
5699
6424
6771
6703
6495
6661
9107
7696
7318
7154
6874
8552
8339
8308
7737
8060
7826
8279
8449
9027
10197
9560
9204
9146
9340
10093
9567
9635
9807
10196
10118
10160
10354
11961
10635
10445
10601
10862
10679
11421
11307
10996
10903
11473
11690
11988
5354
4292
2601
192
104
1778
412
301
406
797
765
1510
1221
1173
1287
1277
1486
1342
1383
2411
2013
2165
2055
2198
2205
2439
2598
3021
2752
2695
2650
2783
2979
2978
3904
3146
3297
3500
4147
4734
4548
4345
5331
4845
5233
4967
5067
5376
5365
6850
5411
5779
5472
5626
5699
6424
6771
6703
6495
6661
9107
7696
7318
7154
6874
8552
8339
8308
7737
8060
7826
8279
8449
9027
10197
9560
9204
9146
9340
10093
9567
9635
9807
10196
10118
10160
10354
11961
10635
10445
10601
10862
10679
11421
11307
10996
10903
11473
11690
11988
5354
4292
2601
192
104
1778
412
301
406
797
765
1510
1221
1173
1287
1277
1486
1342
1383
2411
2013
2165
2055
2198
2205
2439
2598
3021
2752
2695
2650
2783
2979
2978
3904
3146
3297
3500
4147
4734
4548
4345
5331
4845
5233
4967
5067
5376
5365
6850
5411
5779
5472
5626
5699
6424
6771
6703
6495
6661
9107
7696
7318
7154
6874
8552
8339
8308
7737
8060
7826
8279
8449
9027
10197
9560
9204
9146
9340
10093
9567
9635
9807
10196
10118
10160
10354
11961
10635
10445
10601
10862
10679
11421
11307
10996
10903
11473
11690
11988
5354
4292
2601
192
104
1778
412
301
406
797
765
1510
1221
1173
1287
1277
1486
1342
1383
2411
2013
2165
2055
2198
2205
2439
2598
3021
2752
2695
2650
2783
2979
2978
3904
3146
3297
3500
4147
4734
4548
4345
5331
4845
5233
4967
5067
5376
5365
6850
5411
5779
5472
5626
5699
6424
6771
6703
6495
6661
9107
7696
7318
7154
6874
8552
8339
8308
7737
8060
7826
8279
8449
9027
10197
9560
9204
9146
9340
10093
9567
9635
9807
10196
10118
10160
10354
11961
10635
10445
10601
10862
10679
11421
11307
10996
10903
11473
11690
11988
5354
4292
2601
192
104
1778
412
301
406
797
765
1510
1221
1173
1287
1277
1486
1342
1383
2411
2013
2165
2055
2198
2205
2439
2598
3021
2752
2695
2650
2783
2979
2978
3904
3146
3297
3500
4147
4734
4548
4345
5331
4845
5233
4967
5067
5376
5365
6850
5411
5779
5472
5626
5699
6424
6771
6703
6495
6661
9107
7696
7318
7154
6874
8552
8339
8308
7737
8060
7826
8279
8449
9027
10197
9560
9204
9146
9340
10093
9567
9635
9807
10196
10118
10160
10354
11961
10635
10445
10601
10862
10679
11421
11307
10996
10903
11473
11690
11988
5354
4292
2601
192
104
1778
412
301
406
797
765
1510
1221
1173
1287
1277
1486
1342
1383
2411
2013
2165
2055
2198
2205
2439
2598
3021
2752
2695
2650
2783
2979
2978
3904
3146
3297
3500
4147
4734
4548
4345
5331
4845
5233
4967
5067
5376
5365
6850
5411
5779
5472
5626
5699
6424
6771
6703
6495
6661
9107
7696
7318
7154
6874
8552
8339
8308
7737
8060
7826
8279
8449
9027
10197
9560
9204
9146
9340
10093
9567
9635
9807
10196
10118
10160
10354
11961
10635
10445
10601
10862
10679
11421
11307
10996
10903
11473
11690
11988
5354
4292
2601
192
104
1778
412
301
406
797
765
1510
1221
1173
1287
1277
1486
1342
1383
2411
2013
2165
2055
2198
2205
2439
2598
3021
2752
2695
2650
2783
2979
2978
3904
3146
3297
3500
4147
4734
4548
4345
5331
4845
5233
4967
5067
5376
5365
6850
5411
5779
5472
5626
5699
6424
6771
6703
6495
6661
9107
7696
7318
7154
6874
8552
8339
8308
7737
8060
7826
8279
8449
9027
10197
9560
9204
9146
9340
10093
9567
9635
9807
10196
10118
10160
10354
11961
10635
10445
10601
10862
10679
11421
11307
10996
10903
11473
11690
11988
5354
4292
2601
192
104
1778
412
301
406
797
765
1510
1221
1173
1287
1277
1486
1342
1383
2411
2013
2165
2055
2198
2205
2439
2598
3021
2752
2695
2650
2783
2979
2978
3904
3146
3297
3500
4147
4734
4548
4345
5331
4845
5233
4967
5067
5376
5365
6850
5411
5779
5472
5626
5699
6424
6771
6703
6495
6661
9107
7696
7318
7154
6874
8552
8339
8308
7737
8060
7826
8279
8449
9027
10197
9560
9204
9146
9340
10093
9567
9635
9807
10196
10118
10160
10354
11961
10635
10445
10601
10862
10679
11421
11307
10996
10903
11473
11690
11988
5354
4292
2601
192
104
1778
412
301
406
797
765
1510
1221
1173
1287
1277
1486
1342
1383
2411
2013
2165
2055
2198
2205
2439
2598
3021
2752
2695
2650
2783
2979
2978
3904
3146
3297
3500
4147
4734
4548
4345
5331
4845
5233
4967
5067
5376
5365
6850
5411
5779
5472
5626
5699
6424
6771
6703
6495
6661
9107
7696
7318
7154
6874
8552
8339
8308
7737
8060
7826
8279
8449
9027
10197
9560
9204
9146
9340
10093
9567
9635
9807
10196
10118
10160
10354
11961
10635
10445
10601
10862
10679
11421
11307
10996
10903
11473
11690
11988
5354
4292
2601
192
104
1778
412
301
406
797
765
1510
1221
1173
1287
1277
1486
1342
1383
2411
2013
2165
2055
2198
2205
2439
2598
3021
2752
2695
2650
2783
2979
2978
3904
3146
3297
3500
4147
4734
4548
4345
5331
4845
5233
4967
5067
5376
5365
6850
5411
5779
5472
5626
5699
6424
6771
6703
6495
6661
9107
7696
7318
7154
6874
8552
8339
8308
7737
8060
7826
8279
8449
9027
10197
9560
9204
9146
9340
10093
9567
9635
9807
10196
10118
10160
10354
11961
10635
10445
10601
10862
10679
11421
11307
10996
10903
11473
11690
11988
5354
4292
2601
192
104
1778
412
301
406
797
765
1510
1221
1173
1287
1277
1486
1342
1383
2411
2013
2165
2055
2198
2205
2439
2598
3021
2752
2695
2650
2783
2979
2978
3904
3146
3297
3500
4147
4734
4548
4345
5331
4845
5233
4967
5067
5376
5365
6850
5411
5779
5472
5626
5699
6424
6771
6703
6495
6661
9107
7696
7318
7154
6874
8552
8339
8308
7737
8060
7826
8279
8449
9027
10197
9560
9204
9146
9340
10093
9567
9635
9807
10196
10118
10160
10354
11961
10635
10445
10601
10862
10679
11421
11307
10996
10903
11473
11690
11988
5354
4292
2601
192
104
1778
412
301
406
797
765
1510
1221
1173
1287
1277
1486
1342
1383
2411
2013
2165
2055
2198
2205
2439
2598
3021
2752
2695
2650
2783
2979
2978
3904
3146
3297
3500
4147
4734
4548
4345
5331
4845
5233
4967
5067
5376
5365
6850
5411
5779
5472
5626
5699
6424
6771
6703
6495
6661
9107
7696
7318
7154
6874
8552
8339
8308
7737
8060
7826
8279
8449
9027
10197
9560
9204
9146
9340
10093
9567
9635
9807
10196
10118
10160
10354
11961
10635
10445
10601
10862
10679
11421
11307
10996
10903
11473
11690
11988
5354
4292
2601
192
104
1778
412
301
406
797
765
1510
1221
1173
1287
1277
1486
1342
1383
2411
2013
2165
2055
2198
2205
2439
2598
3021
2752
2695
2650
2783
2979
2978
3904
3146
3297
3500
4147
4734
4548
4345
5331
4845
5233
4967
5067
5376
5365
6850
5411
5779
5472
5626
5699
6424
6771
6703
6495
6661
9107
7696
7318
7154
6874
8552
8339
8308
7737
8060
7826
8279
8449
9027
10197
9560
9204
9146
9340
10093
9567
9635
9807
10196
10118
10160
10354
11961
10635
10445
10601
10862
10679
11421
11307
10996
10903
11473
11690
11988
5354
4292
2601
192
104
1778
412
301
406
797
765
1510
1221
1173
1287
1277
1486
1342
1383
2411
2013
2165
2055
2198
2205
2439
2598
3021
2752
2695
2650
2783
2979
2978
3904
3146
3297
3500
4147
4734
4548
4345
5331
4845
5233
4967
5067
5376
5365
6850
5411
5779
5472
5626
5699
6424
6771
6703
6495
6661
9107
7696
7318
7154
6874
8552
8339
8308
7737
8060
7826
8279
8449
9027
10197
9560
9204
9146
9340
10093
9567
9635
9807
10196
10118
10160
10354
11961
10635
10445
10601
10862
10679
11421
11307
10996
10903
11473
11690
11988
5354
4292
2601
192
104
1778
412
301
406
797
765
1510
1221
1173
1287
1277
1486
1342
1383
2411
2013
2165
2055
2198
2205
2439
2598
3021
2752
2695
2650
2783
2979
2978
3904
3146
3297
3500
4147
4734
4548
4345
5331
4845
5233
4967
5067
5376
5365
6850
5411
5779
5472
5626
5699
6424
6771
6703
6495
6661
9107
7696
7318
7154
6874
8552
8339
8308
7737
8060
7826
8279
8449
9027
10197
9560
9204
9146
9340
10093
9567
9635
9807
10196
10118
10160
10354
11961
10635
10445
10601
10862
10679
11421
11307
10996
10903
11473
11690
11988
5354
4292
2601
192
104
1778
412
301
406
797
765
1510
1221
1173
1287
1277
1486
1342
1383
2411
2013
2165
2055
2198
2205
2439
2598
3021
2752
2695
2650
2783
2979
2978
3904
3146
3297
3500
4147
4734
4548
4345
5331
4845
5233
4967
5067
5376
5365
6850
5411
5779
5472
5626
5699
6424
6771
6703
6495
6661
9107
7696
7318
7154
6874
8552
8339
8308
7737
8060
7826
8279
8449
9027
10197
9560
9204
9146
9340
10093
9567
9635
9807
10196
10118
10160
10354
11961
10635
10445
10601
10862
10679
11421
11307
10996
10903
11473
11690
11988
5354
4292
2601
192
104
1778
412
301
406
797
765
1510
1221
1173
1287
1277
1486
1342
1383
2411
2013
2165
2055
2198
2205
2439
2598
3021
2752
2695
2650
2783
2979
2978
3904
3146
3297
3500
4147
4734
4548
4345
5331
4845
5233
4967
5067
5376
5365
6850
5411
5779
5472
5626
5699
6424
6771
6703
6495
6661
9107
7696
7318
7154
6874
8552
8339
8308
7737
8060
7826
8279
8449
9027
10197
9560
9204
9146
9340
10093
9567
9635
9807
10196
10118
10160
10354
11961
10635
10445
10601
10862
10679
11421
11307
10996
10903
11473
11690
11988
5354
4292
2601
192
104
1778
412
301
406
797
765
1510
1221
1173
1287
1277
1486
1342
1383
2411
2013
2165
2055
2198
2205
2439
2598
3021
2752
2695
2650
2783
2979
2978
3904
3146
3297
3500
4147
4734
4548
4345
5331
4845
5233
4967
5067
5376
5365
6850
5411
5779
5472
5626
5699
6424
6771
6703
6495
6661
9107
7696
7318
7154
6874
8552
8339
8308
7737
8060
7826
8279
8449
9027
10197
9560
9204
9146
9340
10093
9567
9635
9807
10196
10118
10160
10354
11961
10635
10445
10601
10862
10679
11421
11307
10996
10903
11473
11690
11988
5354
4292
2601
192
104
1778
412
301
406
797
765
1510
1221
1173
1287
1277
1486
1342
1383
2411
2013
2165
2055
2198
2205
2439
2598
3021
2752
2695
2650
2783
2979
2978
3904
3146
3297
3500
4147
4734
4548
4345
5331
4845
5233
4967
5067
5376
5365
6850
5411
5779
5472
5626
5699
6424
6771
6703
6495
6661
9107
7696
7318
7154
6874
8552
8339
8308
7737
8060
7826
8279
8449
9027
10197
9560
9204
9146
9340
10093
9567
9635
9807
10196
10118
10160
10354
11961
10635
10445
10601
10862
10679
11421
11307
10996
10903
11473
11690
11988
5354
4292
2601
192
104
1778
412
301
406
797
765
1510
1221
1173
1287
1277
1486
1342
1383
2411
2013
2165
2055
2198
2205
2439
2598
3021
2752
2695
2650
2783
2979
2978
3904
3146
3297
3500
4147
4734
4548
4345
5331
4845
5233
4967
5067
5376
5365
6850
5411
5779
5472
5626
5699
6424
6771
6703
6495
6661
9107
7696
7318
7154
6874
8552
8339
8308
7737
8060
7826
8279
8449
9027
10197
9560
9204
9146
9340
10093
9567
9635
9807
10196
10118
10160
10354
11961
10635
10445
10601
10862
10679
11421
11307
10996
10903
11473
11690
11988
